AND A.INVOICE_ID IN(743998,744000,744003,744004,	
744006,744011,747076,685353,690458,
690462,690467,26471,24322,345072,369270,369273,
369280,294084,260072,294094,341075,344083,
580108,581075,581079,581090,740949,13580,
17699,17662,621684,255075,202063,)

AND A.INVOICE_ID IN(493520,493528,360078,357071,357072,300000066779082,17658,300000067119985,300000067120020,
277074,371256,407236,367214,407272,407276,364085,364087,409233,569010,552992,633105,
743998,744000,744006,745061,751032,744050,861269,837208,854270,
847274,721765,300000186903112,685353,690458,690462,690467,685359,685360,714678,
719748,716742,716745,728876,728880,728885,706652,730898,
493514,360079,357076,357077,357081,357081,357085,304073,304077,304080,304085,
407255,407257,407261,	
407263,369236,396236,377223,386219,360080,561992,562006)

<?@pagenumber@?>1 -- to set default pno for each page
<?if:position() mod 5 =0?> <xsl:attribute name="break-before">page</xsl:attribute> <?end if?> --Limit for row

<?for-each-group@section:G_1;./VENDOR_NAME?> -- USE@section FOR page splitting based on supplier and don't give page break
